8 35
8 30
9 24
9 19
6 14
11 14
13 12
19 12
24 12
30 16
35 19
38 23
42 27
46 29
52 29
58 29
64 30
69 32
72 35
76 36
79 37
83 41
85 44
86 52
84 57
83 61
81 65
84 71
80 72
77 70
75 66
75 62
75 58
76 54
76 50
72 53
70 56
72 60
73 65
69 71
66 77
63 80
58 80
57 77
62 76
63 71
66 67
68 64
66 62
63 63
61 65
61 65
58 67
57 71
54 74
52 70
53 67
53 63
57 61
60 59
59 57
57 54
51 53
45 53
39 53
38 57
38 62
38 66
39 69
39 72
37 77
36 79
33 79
30 79
30 76
32 74
34 72
33 67
32 63
31 60
31 56
30 52
26 52
21 52
21 56
22 59
25 60
26 64
26 67
21 66
19 63
16 60
15 55
15 50
18 46
23 45
23 40
23 35
21 31
20 28
18 32
16 35
13 38
10 37
