77 23
76 24
78 26
78 27
80 30
79 31
79 33
78 33
77 33
74 33
71 33
69 35
69 37
67 38
65 42
66 45
67 48
72 53
73 55
72 58
71 58
70 57
68 52
66 50
60 46
59 53
61 55
63 57
63 58
58 57
57 54
56 51
54 43
49 43
44 43
39 42
37 44
35 46
32 51
33 52
36 56
37 56
39 57
39 58
36 59
33 58
30 54
28 52
28 50
28 48
28 43
26 45
19 48
17 51
16 54
17 55
18 57
18 58
17 58
15 58
14 55
14 47
19 41
21 38
22 34
23 28
19 24
15 20
12 13
10 10
7 8
7 7
9 6
12 7
14 9
17 16
20 19
24 23
29 25
34 24
39 25
50 27
53 26
58 25
61 25
65 25
68 25
70 23
71 22
74 19
77 23