8 34
11 37
11 40
10 41
10 44
11 45
15 45
18 43
19 42
19 39
19 35
19 32
20 30
21 29
21 27
22 26
22 23
23 22
23 20
24 19
20 16
19 15
17 14
16 13
15 12
12 12
11 11
11 10
8 10
7 9
7 8
7 7
10 7
9 6
8 5
8 4
9 3
10 2
12 4
12 2
13 1
15 1
16 2
16 6
17 5
19 5
20 6
20 8
19 9
19 10
20 11
22 12
23 13
25 14
28 15
29 14
27 13
29 13
26 12
29 11
27 11
28 10
27 9
29 9
28 8
30 9
30 7
31 6
30 5
30 4
32 2
34 2
35 3
35 5
37 5
37 4
38 3
39 3
40 4
40 5
41 6
41 7
42 8
42 12
41 13
43 14
41 14
42 15
40 15
42 16
40 16
40 17
39 16
38 17
37 17
36 18
37 19
41 21
45 22
44 21
44 20
45 19
46 19
47 21
47 18
48 17
49 17
50 18
50 19
49 21
50 20
51 19
52 19
53 20
53 22
52 23
51 23
50 24
50 26
51 27
51 28
50 29
49 29
48 29
45 26
40 25
38 24
36 23
34 23
31 26
30 30
30 34
31 37
31 40
32 41
32 42
33 43
35 44
36 44
37 45
39 43
42 43
43 44
43 47
42 48
42 49
38 53
36 53
35 52
35 50
33 48
31 48
28 51
27 51
26 52
27 53
28 54
28 55
27 56
23 56
19 52
18 50
18 49
19 48
20 48
21 49
23 47
21 45
20 45
19 46
16 48
15 49
11 49
7 45
7 42
8 41
8 38
7 37
4 37
3 38
2 38
1 37
1 35
3 33
7 33
